# 1st line: vertCount boneCount maxInfluences
# Each subsequent line corresponds to a vertex.
# In each line, the first number is the number of bone influences for the vertex.
# The next numbers are "influence" pairs of {bone index, bone weight}.
81 86 1
1 5 1.000000 
1 5 1.000000 
1 5 1.000000 
1 5 1.000000 
1 5 1.000000 
1 5 1.000000 
1 5 1.000000 
1 5 1.000000 
1 5 1.000000 
1 5 1.000000 
1 5 1.000000 
1 5 1.000000 
1 5 1.000000 
1 5 1.000000 
1 5 1.000000 
1 5 1.000000 
1 5 1.000000 
1 5 1.000000 
1 5 1.000000 
1 5 1.000000 
1 5 1.000000 
1 5 1.000000 
1 5 1.000000 
1 5 1.000000 
1 5 1.000000 
1 5 1.000000 
1 5 1.000000 
1 5 1.000000 
1 5 1.000000 
1 5 1.000000 
1 5 1.000000 
1 5 1.000000 
1 5 1.000000 
1 5 1.000000 
1 5 1.000000 
1 5 1.000000 
1 5 1.000000 
1 5 1.000000 
1 5 1.000000 
1 5 1.000000 
1 5 1.000000 
1 5 1.000000 
1 5 1.000000 
1 5 1.000000 
1 5 1.000000 
1 5 1.000000 
1 5 1.000000 
1 5 1.000000 
1 5 1.000000 
1 5 1.000000 
1 5 1.000000 
1 5 1.000000 
1 5 1.000000 
1 5 1.000000 
1 5 1.000000 
1 5 1.000000 
1 5 1.000000 
1 5 1.000000 
1 5 1.000000 
1 5 1.000000 
1 5 1.000000 
1 5 1.000000 
1 5 1.000000 
1 5 1.000000 
1 5 1.000000 
1 5 1.000000 
1 5 1.000000 
1 5 1.000000 
1 5 1.000000 
1 5 1.000000 
1 5 1.000000 
1 5 1.000000 
1 5 1.000000 
1 5 1.000000 
1 5 1.000000 
1 5 1.000000 
1 5 1.000000 
1 5 1.000000 
1 5 1.000000 
1 5 1.000000 
1 5 1.000000 
